-50.000000 0.001415
-49.000000 0.003021
-48.000000 0.003903
-47.000000 0.004582
-46.000000 0.005194
-45.000000 0.006253
-44.000000 0.008191
-43.000000 0.008308
-42.000000 0.007763
-41.000000 0.009421
-40.000000 0.009616
-39.000000 0.010381
-38.000000 0.011340
-37.000000 0.011629
-36.000000 0.011314
-35.000000 0.011520
-34.000000 0.011334
-33.000000 0.010493
-32.000000 0.010232
-31.000000 0.009999
-30.000000 0.009531
-29.000000 0.009548
-28.000000 0.009412
-27.000000 0.010078
-26.000000 0.009926
-25.000000 0.011106
-24.000000 0.010770
-23.000000 0.009954
-22.000000 0.009003
-21.000000 0.009196
-20.000000 0.008967
-19.000000 0.009257
-18.000000 0.010008
-17.000000 0.010404
-16.000000 0.011327
-15.000000 0.011237
-14.000000 0.010865
-13.000000 0.011515
-12.000000 0.011957
-11.000000 0.012387
-10.000000 0.013168
-9.000000 0.012967
-8.000000 0.013977
-7.000000 0.013529
-6.000000 0.013219
-5.000000 0.012686
-4.000000 0.012448
-3.000000 0.012926
-2.000000 0.013235
-1.000000 0.013780
0.000000 0.016504
1.000000 0.016874
2.000000 0.017879
3.000000 0.017745
4.000000 0.018559
5.000000 0.018904
6.000000 0.019460
7.000000 0.018833
8.000000 0.018917
9.000000 0.019298
10.000000 0.019601
11.000000 0.018343
12.000000 0.018250
13.000000 0.018084
14.000000 0.018505
15.000000 0.018551
16.000000 0.018638
17.000000 0.018226
18.000000 0.018347
19.000000 0.017846
20.000000 0.017982
21.000000 0.018774
22.000000 0.018715
23.000000 0.018930
24.000000 0.018660
25.000000 0.018973
26.000000 0.019261
27.000000 0.019556
28.000000 0.019565
29.000000 0.019590
30.000000 0.019568
31.000000 0.019419
32.000000 0.019734
33.000000 0.019629
34.000000 0.018924
35.000000 0.019104
36.000000 0.019369
37.000000 0.019443
38.000000 0.019379
39.000000 0.019753
40.000000 0.020207
41.000000 0.019693
42.000000 0.019794
43.000000 0.020780
44.000000 0.020718
45.000000 0.020883
46.000000 0.020734
47.000000 0.020760
48.000000 0.020905
49.000000 0.020705
