-50.000000 0.001538
-49.000000 0.001888
-48.000000 0.002391
-47.000000 0.003331
-46.000000 0.003836
-45.000000 0.004314
-44.000000 0.004266
-43.000000 0.005109
-42.000000 0.005608
-41.000000 0.006125
-40.000000 0.005730
-39.000000 0.005822
-38.000000 0.006157
-37.000000 0.006756
-36.000000 0.006162
-35.000000 0.007016
-34.000000 0.007506
-33.000000 0.006829
-32.000000 0.007675
-31.000000 0.007532
-30.000000 0.007484
-29.000000 0.007570
-28.000000 0.007247
-27.000000 0.007418
-26.000000 0.007437
-25.000000 0.008231
-24.000000 0.008221
-23.000000 0.008266
-22.000000 0.008196
-21.000000 0.007828
-20.000000 0.007692
-19.000000 0.008307
-18.000000 0.008167
-17.000000 0.008001
-16.000000 0.008152
-15.000000 0.007747
-14.000000 0.007353
-13.000000 0.007508
-12.000000 0.008067
-11.000000 0.007584
-10.000000 0.008446
-9.000000 0.008152
-8.000000 0.009035
-7.000000 0.009777
-6.000000 0.010067
-5.000000 0.010111
-4.000000 0.010346
-3.000000 0.010869
-2.000000 0.010950
-1.000000 0.011501
0.000000 0.012860
1.000000 0.012925
2.000000 0.012949
3.000000 0.012573
4.000000 0.012286
5.000000 0.012505
6.000000 0.013080
7.000000 0.013284
8.000000 0.013223
9.000000 0.012499
10.000000 0.012773
11.000000 0.013055
12.000000 0.012686
13.000000 0.012528
14.000000 0.012878
15.000000 0.013518
16.000000 0.013961
17.000000 0.014059
18.000000 0.014137
19.000000 0.014347
20.000000 0.014333
21.000000 0.014547
22.000000 0.014750
23.000000 0.014663
24.000000 0.015264
25.000000 0.015293
26.000000 0.015413
27.000000 0.015536
28.000000 0.016065
29.000000 0.015795
30.000000 0.015964
31.000000 0.016475
32.000000 0.016185
33.000000 0.016091
34.000000 0.016044
35.000000 0.015629
36.000000 0.015427
37.000000 0.016394
38.000000 0.015926
39.000000 0.016065
40.000000 0.016465
41.000000 0.016236
42.000000 0.016203
43.000000 0.016380
44.000000 0.016049
45.000000 0.016291
46.000000 0.015820
47.000000 0.015737
48.000000 0.015015
49.000000 0.014740
