-50.000000 0.002070
-49.000000 0.003562
-48.000000 0.004347
-47.000000 0.004996
-46.000000 0.004833
-45.000000 0.005349
-44.000000 0.005116
-43.000000 0.005474
-42.000000 0.006797
-41.000000 0.007630
-40.000000 0.008398
-39.000000 0.009304
-38.000000 0.009156
-37.000000 0.010020
-36.000000 0.010335
-35.000000 0.010147
-34.000000 0.009910
-33.000000 0.010294
-32.000000 0.009380
-31.000000 0.008956
-30.000000 0.008880
-29.000000 0.008384
-28.000000 0.008563
-27.000000 0.008582
-26.000000 0.008562
-25.000000 0.009154
-24.000000 0.009367
-23.000000 0.009298
-22.000000 0.009076
-21.000000 0.009341
-20.000000 0.009679
-19.000000 0.010222
-18.000000 0.010130
-17.000000 0.010767
-16.000000 0.011137
-15.000000 0.011610
-14.000000 0.011503
-13.000000 0.011472
-12.000000 0.011048
-11.000000 0.011537
-10.000000 0.011414
-9.000000 0.011478
-8.000000 0.011914
-7.000000 0.012206
-6.000000 0.012668
-5.000000 0.012714
-4.000000 0.013548
-3.000000 0.013989
-2.000000 0.013651
-1.000000 0.013517
0.000000 0.015698
1.000000 0.014816
2.000000 0.015158
3.000000 0.015623
4.000000 0.015241
5.000000 0.015527
6.000000 0.014812
7.000000 0.015027
8.000000 0.014737
9.000000 0.014735
10.000000 0.014452
11.000000 0.014536
12.000000 0.014923
13.000000 0.014546
14.000000 0.014657
15.000000 0.015097
16.000000 0.014319
17.000000 0.015144
18.000000 0.015183
19.000000 0.015269
20.000000 0.015028
21.000000 0.014970
22.000000 0.014562
23.000000 0.014108
24.000000 0.014739
25.000000 0.014066
26.000000 0.014863
27.000000 0.015299
28.000000 0.014417
29.000000 0.015204
30.000000 0.015187
31.000000 0.015270
32.000000 0.015070
33.000000 0.015322
34.000000 0.015051
35.000000 0.015294
36.000000 0.015696
37.000000 0.015945
38.000000 0.016103
39.000000 0.016132
40.000000 0.015875
41.000000 0.016096
42.000000 0.016530
43.000000 0.015780
44.000000 0.016241
45.000000 0.016633
46.000000 0.016094
47.000000 0.016235
48.000000 0.016140
49.000000 0.015906
